2133 137
137 1440
136 449
136 1204
136 451
136 455
449 384
449 241
449 385
449 460
449 461
449 2038
1204 449
1204 1204
1204 605
1204 1403
1204 637
1204 51
1204 459
1204 460
1204 461
1204 462
1204 723
1204 132
1204 2042
451 241
451 449
451 460
455 449
455 1135
455 1922
455 136
70 70
70 1679
70 588
2001 75
75 449
75 111
75 1028
75 460
1757 1576
1731 1659
1731 1660
1660 1659
1660 1660
1660 1499
108 495
108 496
495 1953
495 337
495 496
495 349
495 588
495 1609
496 1953
496 495
496 496
496 1609
496 874
496 588
329 1889
329 328
329 329
329 1895
1895 1639
829 920
829 926
829 923
920 1261
920 920
926 920
926 829
1005 1251
1251 1251
1251 899
1251 1093
1260 464
1260 1228
464 373
464 376
464 1228
464 1733
464 959
464 697
1228 376
1228 464
1228 531
1228 959
1228 1318
1228 2151
1944 1083
1944 348
1944 1088
1944 1920
1944 1089
1944 1251
1944 349
1944 352
1944 1923
1944 1093
1944 1094
1944 1095
1944 1924
1944 1097
1944 359
1944 1039
1944 830
1944 855
1944 1006
1944 242
1083 599
1083 706
1083 788
1083 520
1083 481
1088 1369
1920 348
1920 1088
1920 1089
1920 1588
1920 1097
1920 362
1920 898
1089 1397
1089 352
1089 1093
1089 1095
1089 613
1089 1097
349 349
349 1681
349 396
349 285
349 164
352 209
352 1304
352 516
352 561
1923 216
1923 1251
1923 352
1923 167
1923 71
1923 397
1093 1036
1093 1251
1093 1095
1093 1097
1094 1089
1094 2023
1094 1095
1094 1097
1094 362
1095 352
1095 167
1095 82
1095 184
1924 352
1924 167
1924 1095
1924 1348
1097 1397
359 1611
359 82
359 209
359 184
359 117
359 1577
536 56
536 59
536 60
56 59
59 157
59 1987
1108 933
1111 241
1111 1889
1111 763
1111 1903
241 241
1936 2072
2167 2159
1546 1545
1546 1546
1546 1553
1545 1546
1545 1553
292 292
292 2054
2054 292
482 908
482 1351
482 971
908 471
908 1272
1351 618
1351 1351
1953 496
1609 2054
1609 496
2025 185
565 2117
565 2119
565 561
565 70
565 1355
565 2129
565 565
565 1088
565 1845
565 898
2117 82
2117 1760
2119 2117
2119 348
2119 1088
2119 475
2119 773
2119 70
561 260
561 352
561 516
1355 2134
1355 209
1355 1088
1355 1508
1355 899
1355 352
1355 1305
1355 516
1355 773
1355 561
1355 185
1355 397
1355 70
1355 1304
1355 1355
2129 1088
2129 2119
2129 1845
2129 773
2129 588
2129 898
1224 756
1224 1270
756 1277
756 547
756 1073
756 1205
1312 862
862 348
646 1053
646 59
646 1054
1053 714
1053 59
1053 647
1053 11
1053 60
1053 203
1053 1325
1053 1054
1053 1149
1053 646
1054 1206
1054 1325
1852 430
1852 1992
1852 1993
1852 1089
1852 1177
1852 1178
1852 1996
1852 1852
1852 1356
1852 2123
1852 1753
430 876
430 877
430 1028
1992 818
1993 260
1993 1964
1177 1333
1178 1333
1178 550
1996 1597
1996 348
1996 1992
1969 99
1969 101
1969 1596
1969 104
99 14
99 611
99 84
99 1596
99 634
99 101
99 2188
99 613
99 99
99 104
101 101
101 611
101 613
101 99
101 104
104 14
104 611
104 613
104 99
1048 1047
1048 1048
1047 1104
1047 1048
542 2109
2109 2109
195 2167
1303 1088
1303 352
1303 855
855 968
1172 679
2114 1514
2114 1518
2114 42
2114 111
1514 1484
1518 1518
1518 42
1518 111
1518 2122
1518 383
1518 89
1518 226
1518 2101
1518 2026
1518 447
1518 481
42 352
42 185
42 397
111 1277
111 1028
1347 192
1347 352
1347 895
192 352
192 1039
192 1040
895 1088
1030 901
1030 200
1030 1726
1030 903
901 901
200 384
200 241
200 1225
200 743
200 800
200 1030
200 903
200 460
903 901
903 743
903 200
903 1726
903 457
2195 1700
1700 89
1700 520
6 211
211 11
211 211
653 1370
1370 396
714 714
714 59
1631 2077
2077 602
1057 1324
1057 1332
1057 547
1057 1337
1332 335
547 89
547 1692
1337 333
1337 679
1235 496
157 156
157 157
156 343
1403 1204
1403 735
1403 1374
735 87
735 88
678 990
990 990
990 677
990 678
96 352
96 561
96 185
86 485
485 550
626 32
32 626
594 920
594 827
827 827
884 833
833 720
833 833
2000 2164
2164 602
1715 2134
1715 2140
1715 1372
2140 1722
1372 1588
1372 2120
1372 2140
1568 1795
1568 1568
1198 438
1198 1198
438 438
438 909
525 525
525 2100
525 1010
525 470
525 1011
525 608
1010 1010
1010 1265
1010 1011
2017 33
2017 38
33 1429
33 1426
33 729
38 592
36 405
36 1204
36 407
405 2
405 605
405 405
405 400
405 407
405 2042
407 1449
407 405
407 1985
407 460
2010 349
999 1403
999 1404
999 1374
999 1409
1404 956
1409 1449
1409 2
1409 405
1409 1538
1409 1539
1409 54
1107 992
2096 1101
2096 1118
2096 2096
2096 379
2096 352
2096 520
2096 42
2096 2101
2096 185
1101 816
1101 1101
1101 1121
1101 547
1118 816
1118 836
1118 888
1118 1121
1118 379
1118 520
1118 447
1118 547
1118 1214
1118 1101
1118 645
379 89
379 379
379 520
520 89
520 520
2101 2096
2101 204
2101 1246
2101 2101
2101 709
1038 373
1038 1076
1038 464
1038 341
373 447
373 481
373 910
373 373
1076 1038
1076 341
1076 1177
341 606
341 974
401 521
401 522
401 1308
521 522
521 402
521 1955
521 526
521 1308
522 1308
522 402
522 1955
522 526
522 2027
522 561
1308 261
1308 899
1308 898
1308 401
1308 521
1308 578
1308 2157
1308 402
1308 1955
1308 1164
1308 1308
1308 1355
534 533
534 534
534 1314
533 1639
533 449
533 241
533 1135
533 2198
533 1204
533 605
533 735
533 2170
533 1644
533 405
533 1403
533 615
533 1699
533 400
533 693
533 2173
533 302
533 51
533 457
533 460
533 461
533 2038
533 723
533 468
533 132
533 2042
533 66
533 1278
533 2
533 390
533 803
533 517
533 1538
533 462
533 205
1314 629
1266 348
205 59
205 457
205 241
205 48
205 563
457 449
457 385
457 241
457 2032
457 48
457 460
457 461
611 1569
611 611
611 1570
446 449
446 1549
446 1550
446 460
446 66
1549 505
1549 390
1549 451
1549 460
1550 1994
1550 2173
1550 1995
460 384
460 241
66 1135
66 460
66 31
1579 82
1579 1577
1579 1579
82 82
1577 82
1577 1588
816 816
816 547
1121 2168
1121 520
1121 547
578 401
578 521
578 522
578 402
578 1955
578 1308
1955 402
1955 1532
1955 2102
2036 1827
1827 1161
1827 1827
1046 476
1046 1272
476 1106
476 310
476 1239
476 1273
476 497
476 1272
476 1948
1272 513
1272 476
1272 1273
1272 1275
1272 497
1043 348
1043 1043
2041 1369
2041 2141
1369 1989
1369 1369
2141 1369
560 613
560 175
175 613
244 449
244 334
334 460
334 66
397 460
397 397
312 352
312 1923
312 561
2085 128
2085 496
1654 2134
1436 874
874 874
874 1146
2078 2043
2078 899
2078 349
2078 396
2078 904
2078 563
2078 1727
2043 2120
899 1348
899 588
396 241
396 611
396 460
396 461
563 449
563 166
563 336
563 48
563 461
1727 2078
1318 1800
1318 1228
1318 376
1318 464
1318 547
1318 447
1800 481
1800 1580
1800 1670
376 19
376 464
376 447
376 547
1036 1251
63 1818
63 359
1818 261
1818 449
1818 470
1818 2
1818 1117
1818 390
1818 968
1818 1920
1818 464
1818 1228
1818 1053
1818 2062
1818 352
1818 59
1818 647
1818 830
1818 12
1818 1304
1818 960
1818 405
1818 128
1818 1172
1818 407
1818 1342
1818 700
1818 457
1818 1149
1818 460
1818 1355
1818 70
1818 66
1201 1101
1201 888
1201 253
1201 1214
888 1118
1214 816
1214 1382
1214 1122
575 508
575 509
575 613
514 511
514 1297
514 2088
514 514
514 1062
514 2194
1297 511
1297 514
2088 130
2088 111
19 599
19 89
19 376
19 1121
19 2168
599 520
89 520
2168 1121
2168 376
2168 547
1295 1413
1295 56
1295 606
1295 2173
1295 1418
1413 1295
1413 56
1413 396
1413 606
1413 400
1413 2173
1413 1418
606 128
2173 2163
2173 349
2173 396
2173 693
2173 461
1418 1413
1418 606
1824 1938
67 241
67 613
834 1920
834 59
834 1093
834 855
539 285
797 539
797 1325
797 1625
1325 902
1325 1206
1625 449
1625 1892
1625 1797
1625 460
1625 461
1625 31
71 204
204 1246
204 709
1681 1681
242 184
242 359
242 242
242 1006
242 567
184 117
184 397
184 359
965 965
965 1112
965 909
357 0
357 211
357 11
357 617
0 211
0 11
11 211
1020 326
326 349
326 12
326 326
326 1020
326 1021
220 211
220 11
220 498
220 501
498 1738
498 2051
498 11
501 220
501 498
501 359
501 1695
1934 1118
1934 379
1934 1121
1934 1122
1934 520
1934 447
1934 547
1934 1214
1122 816
1122 1101
1122 1121
447 520
447 547
447 481
124 12
1146 1146
1146 852
1146 2210
309 59
309 506
506 59
393 573
573 349
1495 1796
1495 1799
1796 1496
1796 1796
1796 1799
1796 1495
1799 1799
1799 1796
1799 1476
1799 1478
1799 1490
1799 1495
1799 1496
1042 349
1042 1067
1042 1069
1067 1814
1069 894
1069 1069
1069 827
1069 595
1044 1244
1044 1245
1044 1247
1044 1263
1245 1244
1245 1247
1245 1072
1263 1244
1263 1245
1263 1247
1123 663
1123 666
1123 668
663 914
666 1123
666 666
666 668
666 1099
666 663
668 663
668 914
668 1082
668 875
321 102
321 108
321 495
1052 920
1110 1392
1110 2186
1110 496
1392 571
1392 241
2186 130
2186 2088
437 89
437 626
437 547
442 439
2106 50
50 346
1163 722
1163 979
722 1989
722 59
722 979
722 1025
581 902
581 11
581 203
902 1325
902 496
203 470
203 349
203 87
203 60
1449 605
1449 1535
1449 460
1995 2163
1995 241
1995 557
1882 898
898 1088
898 211
898 1097
898 1305
1637 1927
1927 1327
1927 1065
232 613
232 460
1331 1413
1331 546
546 449
546 1204
546 457
546 460
546 461
548 158
1373 922
1373 233
1373 1272
1373 930
1373 234
922 1102
922 2209
922 907
922 922
233 52
233 233
233 476
930 1272
930 23
930 234
234 23
921 1204
921 1403
2172 1989
1989 1369
1348 816
1348 1800
1348 209
1348 373
1348 1295
1348 376
1348 352
1348 1923
1348 1303
1348 515
1348 1304
1348 1305
1348 516
1348 910
1348 953
1348 974
1348 1589
1348 1315
1348 561
515 352
515 1589
515 1315
1305 1397
1305 1097
516 209
516 1305
1589 209
1589 352
1589 1304
1589 1348
1589 1588
1589 1589
1589 1676
1589 1315
1589 880
1315 1588
1315 1589
1315 1676
1315 880
26 1323
26 203
26 1416
1323 714
1323 852
1323 779
1416 26
1416 1323
1416 683
1416 29
1135 460
1135 468
1135 2042
1922 1922
1922 951
2192 62
2192 1548
62 630
62 128
62 172
1548 102
1548 2085
1461 1556
1461 1558
1556 1431
1558 1558
627 71
773 1088
712 1131
712 60
1131 1285
2149 2138
736 1392
736 1299
736 1300
736 496
1299 1392
1299 562
1299 611
1299 496
1693 349
1693 1693
1693 332
1693 333
1693 1062
1693 335
1693 1698
332 1062
332 332
333 1324
333 1337
333 772
333 1332
333 349
1062 1051
1062 1324
1062 332
1062 333
282 282
282 59
282 60
282 506
282 1987
1987 93
617 211
617 11
1973 1204
1147 1233
1758 313
313 1006
1655 1970
828 59
828 128
828 1308
1213 696
1213 697
696 788
696 697
697 697
697 788
697 696
697 481
418 59
418 109
109 904
109 1760
845 1082
1470 241
1470 517
1470 368
1470 200
1470 1538
1470 457
517 449
517 241
517 629
517 1307
368 155
1538 449
1538 241
1538 285
1538 457
1538 460
1538 461
1538 571
1538 1332
1538 396
1538 546
1538 633
1538 597
1538 286
1538 1538
1538 1656
1538 302
231 703
703 2097
703 1890
703 879
703 461
728 1083
728 2117
728 2098
728 531
728 359
728 352
728 536
728 1318
728 1798
728 1319
728 516
728 1327
728 1006
728 184
728 242
728 2172
728 1417
728 1008
728 397
728 620
728 2187
2098 1618
2098 352
2098 561
531 348
531 1043
531 1881
1319 1304
1327 1327
1417 1417
1008 1287
1008 1008
620 397
2187 1327
2030 1844
2030 1845
2030 1082
2030 70
1845 1844
1845 2030
1845 70
587 128
587 496
1854 1470
1854 18
1854 200
1854 1471
18 155
1471 1470
1471 18
1471 200
1471 458
1471 1976
1186 657
657 657
657 1186
167 352
167 1304
167 71
1770 1761
1770 1770
1761 1770
1728 373
404 613
87 203
87 1054
88 87
88 203
88 1054
1023 761
761 1023
1911 1674
1911 60
1911 1602
1674 1728
1674 1911
1602 1911
1602 1692
1602 282
659 761
1151 1279
1718 1177
680 742
680 1578
680 746
680 1265
742 742
742 1578
742 746
742 1265
1265 1578
1692 1937
1692 817
424 332
424 335
480 296
480 297
480 298
296 297
297 1742
298 296
298 298
1206 779
779 349
779 790
1259 963
1259 1228
1259 1007
1259 55
963 511
963 264
963 1989
963 973
963 1920
963 1653
963 376
963 464
963 1228
963 1397
963 1093
963 830
963 1924
963 1944
963 855
963 1097
963 1008
963 55
963 262
963 2006
1007 1228
1007 679
1007 1202
1007 1172
55 963
55 582
55 376
55 1228
55 1733
55 464
55 855
55 2151
55 1007
55 344
55 1179
55 1208
1292 1272
1292 1275
801 728
801 209
1285 60
1120 956
1120 1793
1120 962
1793 1026
1793 1412
1793 1938
962 1793
962 97
962 962
2147 1743
1743 2120
1393 743
1393 1307
1393 786
1393 787
743 739
743 460
1307 743
786 739
786 743
787 739
787 743
787 786
815 801
1524 1987
1792 629
1792 517
1792 1307
629 1307
629 743
629 517
713 1403
1087 1304
58 613
1686 1754
1686 1756
1686 1757
1756 1754
1756 2159
1756 1686
1756 1757
1756 1905
360 299
360 338
360 457
299 449
299 460
299 299
299 400
338 953
1437 1034
1034 1034
1034 1437
1034 496
1261 1261
1261 721
139 3
139 203
3 714
3 349
3 87
3 88
3 411
3 60
3 203
3 269
34 613
1646 1538
1646 1539
1646 54
1539 1538
1539 1539
1539 54
54 241
54 630
54 798
54 128
54 232
54 98
54 598
54 54
54 1409
54 1539
1611 1894
1815 1967
1815 722
1815 1163
1967 1815
1967 1967
140 199
140 352
842 584
842 1383
584 584
1383 1307
1383 154
1383 1384
1383 1405
1741 1889
1741 1696
1350 955
955 1257
1688 470
1688 373
1688 1674
1688 1911
470 470
470 843
470 349
470 1097
470 128
470 172
470 1010
470 1417
470 269
1433 698
1612 705
1612 1793
1612 1827
705 1591
705 763
705 962
1216 720
924 786
924 799
924 787
924 743
799 739
799 743
917 1073
293 573
1833 495
1833 128
1833 496
1333 1989
1333 1369
550 1823
835 373
835 464
835 1008
835 817
817 1937
228 400
228 462
228 449
228 241
400 449
400 241
400 461
462 1278
462 449
462 241
462 1135
462 390
462 51
462 460
462 463
462 66
660 922
660 1112
660 907
1112 1112
907 1102
907 439
306 449
306 375
375 449
505 449
505 605
505 460
605 449
605 460
1345 663
278 278
278 281
281 1499
281 1675
1127 111
1127 892
1127 2200
892 111
892 953
1132 128
1132 1197
1197 128
1145 835
1145 1318
1145 697
1145 837
837 1083
837 264
837 1094
384 241
384 460
1039 511
1039 352
1039 167
1039 1923
1039 1093
1231 1266
1231 1270
1270 470
1270 641
1270 269
1313 564
1313 1354
564 788
683 854
683 1416
29 1607
29 611
29 1323
29 210
1021 326
1021 1020
2056 496
2056 1857
1857 496
1243 470
1243 1054
1243 1149
1149 470
1149 2022
1149 1053
1149 267
1149 1325
1149 1054
1149 269
1149 128
1149 1010
1937 547
1937 1692
493 469
493 551
493 395
469 1424
469 598
469 34
744 1112
819 1304
772 1332
772 349
2126 1893
2126 335
1893 349
1893 1698
1574 1691
1691 1574
459 241
459 605
459 1535
459 460
1535 449
1535 241
1535 735
1535 451
1535 460
1535 461
1499 1659
1499 1660
72 352
181 1514
181 1333
181 485
1379 1071
1379 1327
1379 1172
1379 1207
1071 511
1071 573
1071 1297
1071 1327
1071 514
1289 1289
1289 1290
1289 987
1290 66
1160 1019
1019 1217
1019 1218
1019 1440
1469 349
1469 396
1486 1929
1486 38
1485 1912
1485 460
1485 461
1485 109
1912 2163
1912 449
1912 390
1912 400
1912 462
1912 461
1912 2038
1912 66
461 384
461 241
461 1204
461 460
1783 1542
2055 2053
2055 2054
2053 292
2053 2054
2053 2055
2053 1907
1586 2097
1586 523
523 122
523 476
523 907
1278 1278
1278 1135
1278 1204
1278 904
1278 460
914 20
1745 408
1745 467
1745 383
1745 1745
1745 596
1745 386
1745 227
1745 1658
1745 281
1745 226
408 278
408 386
408 281
467 383
383 467
383 383
383 226
383 230
1482 1539
1482 54
1482 1538
1482 1449
1482 2
1482 460
1482 390
2 2049
2 1204
2 405
2 735
2 2042
2 1409
390 505
1615 1028
1028 1028
2042 460
2042 2042
2042 461
2042 2038
2042 468
869 899
869 257
869 1304
869 960
257 257
257 422
960 1304
960 1312
960 821
1794 1794
707 1508
707 1989
707 707
2179 1965
1965 2179
1532 1588
1532 402
1532 1955
1532 588
1588 82
1588 352
1588 1588
1588 1305
1588 1097
1588 516
1588 561
1588 209
1588 1304
1588 1348
1588 362
1588 1315
1588 880
588 588
588 613
677 1351
677 990
24 902
24 11
24 203
1476 1496
1476 1796
1476 1799
1476 1495
1478 1440
1478 1495
1490 1799
1490 1796
1496 1496
1496 1796
1496 1476
1496 1799
1496 1490
1018 686
1018 563
686 686
686 563
1948 475
1948 476
1948 1272
1948 1239
365 260
365 565
260 348
260 1369
371 449
371 2180
1629 144
1629 1856
1629 97
144 744
144 352
144 1807
1856 1026
1856 1793
1856 1858
97 1793
97 962
676 1049
676 349
676 117
676 184
1049 349
1049 117
1963 538
1963 409
409 538
391 449
391 528
391 817
391 461
528 533
528 400
528 817
1401 257
1401 1304
1401 960
1401 1372
1311 1311
1311 1313
1311 349
1311 535
535 349
1733 373
1733 376
1733 1732
1733 464
1732 373
2046 523
2046 1947
2046 912
2046 1948
1947 476
912 1947
912 1948
912 476
1065 1327
702 1227
702 911
1227 909
1227 911
1227 1239
911 135
688 1232
688 818
1232 144
739 743
739 953
739 786
1544 416
416 1544
416 409
416 538
416 1963
416 414
488 611
488 613
488 854
1253 351
1253 1092
1092 920
1092 1092
1092 471
1092 1212
1161 1827
950 852
950 950
2125 352
2125 1923
2125 516
662 292
662 598
598 598
598 98
1673 457
863 920
863 935
863 863
1364 1297
1364 352
1364 128
687 348
687 1035
687 307
687 1327
1035 1384
1035 1065
2142 1043
2142 1177
2142 185
369 1277
369 461
1277 1277
1 449
1 390
1 460
1 334
7 373
7 253
7 626
7 398
1192 338
1192 550
1971 1599
1599 1160
1599 1599
1599 1971
875 663
875 914
875 1082
875 666
22 261
22 351
22 348
22 313
261 622
261 348
261 464
261 1829
261 1011
261 1028
386 386
386 596
386 408
386 383
386 1675
386 281
596 386
596 281
1587 1888
1587 1499
1587 1660
95 384
95 517
95 460
264 1369
264 788
264 12
788 89
1594 1794
1594 349
94 71
94 1994
94 561
759 801
759 209
1959 2054
1959 496
1959 2188
2188 496
1338 697
1338 1093
1338 855
1338 996
2084 1083
2084 1177
859 511
859 1117
859 1071
859 1228
859 514
1117 1800
1117 573
1117 1180
1117 1297
1117 1071
1117 1324
1117 1327
1117 111
1117 514
637 1204
637 132
132 449
132 241
132 637
132 460
132 461
132 2038
1175 559
1175 1287
559 559
559 1287
559 1175
559 131
1287 1287
1287 1008
1287 1171
1287 1176
1287 128
1102 1103
1102 849
849 1103
849 2209
849 497
849 907
1892 241
1892 788
1892 605
1892 251
1892 51
1892 460
251 449
251 788
251 45
251 451
251 460
51 241
51 605
51 1449
51 460
51 1625
51 1747
51 463
871 1098
871 128
1098 349
1098 128
2120 2043
2120 904
2120 2120
2120 449
2120 71
2120 461
631 464
725 89
1597 1992
1597 818
958 955
958 1350
967 663
967 914
967 1082
1195 373
1195 835
1591 1026
1591 705
1591 1161
1591 1827
1591 1543
1591 193
1591 1487
1591 694
1591 1371
1591 1533
1591 1492
1591 1497
1591 1774
1591 2148
1591 1446
1591 1002
1591 2160
1591 168
1591 311
1591 1591
1591 890
1591 238
1591 1069
1591 956
1591 1975
1591 763
1591 1793
1591 114
1591 1162
1591 962
1591 97
1591 2029
1591 1621
1591 765
1591 795
763 311
814 963
814 464
977 1010
977 267
267 1010
267 812
267 776
650 645
650 816
645 816
645 645
645 1121
2080 630
2080 60
630 128
861 319
861 1049
861 1050
861 349
861 352
861 186
861 331
319 1049
319 349
319 186
319 117
319 359
1050 1049
1050 349
1050 352
1050 186
186 1049
186 349
186 117
331 186
331 331
331 349
331 1894
330 82
1900 1803
900 935
1211 827
1211 595
595 827
894 894
532 613
1483 1449
1483 2
1483 1538
1483 1539
1483 54
1483 460
1483 1409
1205 547
1187 1135
1187 460
1187 66
745 1010
745 1011
1011 2100
1011 1010
1011 1011
1329 922
1329 1272
1329 930
554 25
554 23
556 584
556 328
556 1895
558 352
558 515
558 1550
558 561
452 1933
452 499
452 1118
452 500
452 1937
452 547
452 1692
1933 373
1933 1937
1933 2016
1933 452
500 499
500 452
2135 1718
2135 1719
1521 2153
1521 564
374 438
1451 1807
5 204
5 405
654 908
654 2171
654 1415
654 1420
2171 2150
1415 2171
1415 990
1420 1363
1607 614
614 1604
614 1607
614 112
614 1613
614 113
130 130
130 111
1734 1631
1734 2077
738 1290
738 1238
1238 912
2044 1518
2044 2044
2044 352
2044 42
2044 111
700 855
700 700
700 1989
931 1575
931 745
1575 163
1575 46
1575 335
760 1295
760 56
760 760
760 1413
760 606
161 2
161 615
615 449
615 1204
615 400
615 2042
856 1019
1665 1937
1665 547
1665 1692
1669 2009
711 1368
711 1374
1368 461
1368 1374
1683 384
1683 517
1683 1977
1683 460
1977 1369
1977 396
1977 2088
1977 1558
1552 1327
1552 1551
1552 1552
1552 1369
1552 1634
1551 1369
1551 1327
1551 2187
1551 1634
1689 1890
1689 703
1689 879
879 2097
879 703
879 1890
879 497
879 461
879 260
879 1947
879 233
879 879
879 908
513 1273
513 1275
1273 1275
497 1106
497 513
1190 1278
1764 1827
836 19
836 599
836 89
836 1118
836 376
836 888
836 836
839 788
839 696
839 697
839 1093
839 481
481 1700
481 520
481 547
481 447
250 449
250 460
250 66
250 334
266 50
266 266
266 268
266 269
266 273
268 266
268 269
273 50
1840 705
1840 962
1840 791
791 1135
791 1271
791 462
791 795
218 214
214 1647
769 827
769 1371
769 1211
769 595
949 974
1056 1285
1060 89
1060 376
1060 974
987 912
987 1238
987 473
473 912
473 1238
473 474
473 990
2150 1537
16 19
16 275
16 599
16 219
16 520
275 19
275 1800
275 599
275 89
275 376
275 2168
275 520
219 275
219 599
219 16
219 379
936 1088
936 686
936 987
936 1210
936 70
936 801
936 209
1210 1112
1210 1210
120 349
120 613
362 1588
2075 2194
429 133
429 949
429 2062
429 974
133 606
2062 373
2062 2026
2062 2143
2062 264
2062 464
2062 429
822 1304
822 819
822 821
822 822
821 1304
821 862
821 1312
2155 2118
1913 2130
1913 1412
1913 2133
1913 1360
2130 1002
2130 1856
2130 1120
2130 2133
2130 1487
2130 1237
2130 956
2130 763
2130 1793
2130 795
1412 901
1360 2130
1360 1913
1360 763
1360 1975
1360 2133
1512 1608
1512 461
1512 455
1512 2042
1608 2024
1608 346
1608 60
781 788
1446 1446
1446 956
1408 1228
1408 55
1408 185
1523 1673
1523 1677
1523 462
1677 1673
1677 1523
1677 457
1876 1871
1876 1057
1876 59
1876 1875
1876 1876
1701 1088
1701 1963
1701 352
1701 515
1701 1513
1701 1807
1701 1355
1701 1966
1701 2104
1701 529
1701 416
1701 167
1701 1304
1701 1348
1513 1623
1513 1513
1513 416
1513 1963
1513 1701
1513 571
1513 1117
1513 1089
1513 464
1513 772
1513 1511
2170 1644
1644 349
1644 2170
1644 460
1619 1454
998 1092
998 903
562 607
562 611
343 156
343 343
343 157
286 285
123 1266
123 293
123 1327
1162 935
1769 816
1769 1800
1769 1580
1580 19
1580 599
1580 520
1139 1051
592 33
1879 1503
1879 1504
1503 1504
1604 1613
112 113
113 1426
113 112
113 614
113 339
113 1429
1884 1955
1884 924
1156 457
1156 460
1156 777
1168 754
1168 755
754 473
755 912
755 754
1226 1228
1991 50
1991 2033
1991 346
1991 647
1991 1922
2033 50
346 50
346 454
346 346
647 1037
647 1922
2157 376
2157 481
2157 525
2157 1010
2157 1011
2157 267
2157 2157
2157 812
2157 813
812 1010
812 1011
813 1251
813 1010
813 55
813 1208
1573 597
1573 457
1573 2120
597 285
597 286
1520 797
1520 1636
1520 798
1520 98
1520 54
1636 1636
1636 285
1636 597
1636 232
1636 98
1636 1520
1636 1656
798 630
798 128
798 54
798 1539
98 483
1848 1793
155 241
1391 1251
1633 235
1633 1633
2198 1644
1699 1639
693 2163
693 449
693 1295
693 396
693 71
693 557
693 1994
693 2173
693 460
693 461
693 455
693 1727
693 221
302 449
302 457
2038 460
2038 461
723 1135
723 1267
723 460
723 468
468 449
468 605
468 693
468 460
1148 80
1148 827
1148 137
1148 1211
1148 595
1148 1647
1647 1092
1647 1432
1647 1440
1647 595
1647 1441
1411 1112
665 743
665 924
665 1022
1022 743
876 877
876 1028
877 1028
1506 1713
1506 2119
1797 449
1797 385
1797 2032
1797 98
1797 48
1797 457
1797 460
1797 461
385 384
385 449
385 241
385 460
385 461
2032 2032
2032 2093
2032 448
48 449
48 457
48 460
1424 469
1032 2119
1675 1499
783 1065
1246 1246
1246 709
1246 204
1829 209
1829 1989
1829 1339
1339 1251
1968 1948
1968 1239
1968 476
1239 1239
1239 1272
1239 475
463 693
463 397
916 743
916 787
916 1022
196 628
628 1566
628 613
178 513
265 1083
265 115
265 265
265 2026
265 2101
265 185
115 1101
115 1118
115 379
115 352
115 520
115 1580
115 42
115 2101
115 185
2026 265
2026 520
2026 2027
2026 115
2026 547
2026 2026
2026 2101
1414 352
1414 561
1414 1355
1414 2129
796 1037
796 1053
796 1149
1037 647
1037 1985
1432 1026
1432 1591
1432 1793
1432 1858
1441 827
1823 448
227 222
227 386
227 1745
227 1658
227 281
222 408
222 467
222 278
222 386
222 281
1658 596
1658 1658
1658 227
1658 281
45 449
45 788
45 1204
45 460
182 71
182 1994
182 561
10 471
471 204
471 471
471 399
471 448
471 1823
471 10
318 470
318 266
318 273
318 318
318 152
394 137
445 352
445 59
1905 184
1905 1757
843 128
172 128
1106 1273
1106 1275
1276 1436
1281 981
1281 461
1976 1644
1075 629
1075 743
1075 1022
1075 924
1507 349
1507 1978
1978 1698
1502 79
79 2112
79 79
79 2190
79 624
1283 1283
1283 51
1283 460
775 1251
775 59
775 1339
1125 849
1125 523
1125 911
1125 310
1125 122
1125 476
1125 497
1623 416
1623 1963
1859 1859
399 204
399 471
399 10
399 448
1208 1251
1208 855
2177 1484
1962 1993
1962 420
420 1962
420 1993
420 89
420 447
420 420
1302 1301
1302 1302
1302 910
1301 373
1301 1302
1301 910
456 613
456 349
456 611
881 1251
1717 1650
1717 1974
1717 2033
1717 1204
1650 449
1650 1974
1650 50
1650 2033
1650 299
1650 1204
1974 2033
1974 1135
1974 299
1974 1204
1974 400
1974 410
970 505
970 961
970 605
970 969
970 1772
970 1797
970 457
970 459
961 457
961 605
961 970
961 978
969 2032
969 1772
1772 1892
1772 1828
1772 1797
1772 1625
1209 1209
1209 1023
41 41
41 2100
41 525
1223 2088
1223 111
1223 1676
1223 892
1676 209
1676 352
1676 1304
1676 880
1676 1348
1676 1589
1988 2054
1988 2055
1988 292
1901 89
152 318
152 266
152 273
381 349
274 396
274 460
274 461
2007 1864
2007 1869
1864 1869
1869 1864
1869 906
2022 349
2022 203
2022 470
2022 880
2022 1086
2022 1265
2022 267
2022 1010
2022 788
2022 714
2022 525
2022 351
2022 1095
2022 1287
2022 1093
2022 1011
2022 624
880 880
880 1265
880 1010
1086 2100
1086 1455
1086 1998
1086 1265
1086 213
624 79
624 2112
624 1343
624 1344
624 2124
624 1349
624 1434
624 1435
624 2190
624 741
624 33
624 1105
624 929
624 131
624 1837
624 1838
74 611
74 613
602 602
450 100
450 2020
557 71
557 557
221 899
221 904
221 1727
221 2120
221 2078
607 613
825 469
825 551
1072 1244
1072 1247
1072 1245
1317 658
1317 605
1317 460
658 1413
658 1204
585 131
131 624
1385 438
1385 724
724 571
724 1705
724 397
2156 1800
2156 1670
973 1228
973 855
973 2157
1653 1920
1653 1089
1653 464
1653 2023
1653 55
830 1083
830 1088
830 1089
830 352
830 1095
803 629
803 517
803 1307
803 460
1930 186
1930 331
1930 1475
1475 1894
1475 1930
1215 367
1215 1047
1215 568
1215 1215
1215 1048
1616 596
1616 1658
1616 281
14 349
14 611
14 613
84 613
84 634
1632 1522
1632 2062
1522 245
1881 1043
37 70
1240 1070
1240 496
1240 852
1240 1074
1070 852
1070 1074
212 262
212 475
212 185
163 1209
440 438
440 374
440 909
909 1112
909 1394
909 1399
276 348
994 1348
994 1228
994 59
994 1339
1248 1244
1248 1072
1248 1245
1248 1247
284 613
154 772
154 1337
1085 1789
1085 1895
1085 954
1789 1839
1980 349
356 2032
356 1097
356 485
2034 1846
2034 1121
2034 520
2034 481
1846 1934
1928 1067
27 28
27 460
27 461
27 455
28 241
28 517
28 743
28 1403
28 561
28 460
549 349
549 549
1113 1366
1113 1373
1113 930
1366 1103
1366 2209
1366 907
1366 439
2021 1958
948 1050
948 431
431 352
1961 1830
1961 29
1961 59
1961 60
1830 542
1851 1827
458 200
458 30
30 241
30 200
30 458
552 56
1382 1116
1382 650
1382 373
1382 89
1116 1382
1116 1116
1116 373
1116 1302
1116 481
1706 1704
1706 1705
1706 1710
1704 1227
1704 702
1705 260
1705 896
1705 702
1705 1704
1705 1710
1705 185
1710 130
1710 2186
984 438
984 990
171 405
171 601
171 407
601 405
601 407
634 611
634 613
634 165
634 57
271 193
52 233
52 476
77 1705
77 359
77 397
2123 1852
2123 1993
2123 1753
2123 1996
1753 348
1753 1992
1753 1753
91 613
91 466
91 722
91 508
466 613
466 722
466 508
2016 373
2016 376
1291 1287
414 538
414 409
414 416
194 449
194 1135
194 460
194 66
968 1989
968 536
1169 1169
996 697
996 1093
996 1172
996 1338
1000 1345
1000 663
355 350
355 129
355 354
355 355
350 354
350 247
354 134
354 354
347 68
347 460
68 384
68 449
68 241
68 460
1084 928
1084 931
1084 932
932 1359
932 931
932 745
477 519
477 203
477 349
519 203
1925 2210
1388 1590
1388 1953
1388 496
1590 2175
1590 1590
1695 1738
1695 220
380 231
2005 56
2005 760
2005 460
2005 1747
1747 460
1966 1966
1966 1623
1966 416
1618 573
1618 352
1618 2109
1618 463
1180 573
1140 124
1140 1140
1140 1141
370 779
370 2099
370 526
526 613
526 1588
526 300
526 2099
526 402
526 1955
526 1532
1702 102
1702 2085
1702 495
1702 128
1702 1548
1702 496
1702 223
223 1702
1104 1104
410 397
410 1923
1802 1968
1671 82
1671 1760
1219 656
656 1280
943 1238
943 1239
943 1272
690 972
972 843
972 972
971 908
971 1351
1421 990
1421 677
1421 678
1878 1901
2031 460
2003 2088
706 1180
706 1397
706 1006
1203 1427
1203 689
2018 1647
2018 565
1359 979
453 1933
453 500
453 1937
453 452
1352 1083
1352 1076
1352 1312
1352 1177
2087 1859
1356 1356
1356 955
1179 1228
1179 464
1179 1114
1114 542
2203 547
2203 2203
589 359
421 340
421 1910
672 987
672 671
672 911
672 475
672 990
671 1125
671 987
671 672
671 911
44 639
44 788
44 837
639 19
639 89
1077 1267
1267 460
1642 2145
147 118
147 285
118 164
1678 128
616 384
616 241
616 1297
616 111
616 460
1080 1049
1080 349
1080 117
1080 184
800 743
800 200
236 520
236 447
236 481
1915 903
1915 1916
1916 584
1916 2168
1916 43
1916 1916
164 285
164 1656
164 1431
1842 1659
1853 2129
226 467
226 383
226 1745
226 386
226 281
308 521
308 578
388 172
388 62
1296 788
1387 1413
1387 606
1661 1661
300 613
300 496
2131 1161
2131 1827
1362 59
1834 111
1015 465
1015 469
1015 1258
1015 1262
465 47
465 469
465 1258
1262 465
1262 469
1262 1262
1262 1258
708 469
708 2054
708 662
580 129
580 159
580 160
159 160
159 602
727 1059
571 349
571 613
263 1892
263 969
263 1797
263 461
263 1625
823 460
823 723
1711 1711
1225 1307
1225 743
1225 786
1225 787
20 613
20 2138
1940 1639
1940 1432
1940 1785
1785 611
1109 1239
1133 605
1133 251
1133 1439
1133 1283
1133 460
1439 605
1439 460
764 348
1183 846
1236 1048
1849 1612
1849 1412
1849 1793
1346 460
1346 723
17 241
17 1135
17 359
17 462
1472 1412
1472 1913
1898 430
1898 877
1898 1028
2048 1992
2048 1177
753 1034
753 1437
454 346
454 454
762 204
762 1246
762 709
31 449
31 1135
31 605
31 1538
31 457
31 468
608 525
608 1010
1687 352
1687 2146
2146 209
2146 1924
2146 1304
2146 352
2146 561
2146 1355
173 571
173 1705
173 1955
173 397
2148 1903
246 1351
190 613
190 12
2104 2104
2104 1966
2104 1827
1931 496
1931 1701
366 449
366 451
2086 2185
2086 561
2185 997
2185 2185
378 611
378 613
1222 1920
1222 1093
1222 1094
2037 1905
2037 1754
69 602
529 352
1341 80
1341 935
1341 1136
1341 1137
1137 900
392 449
392 1204
2115 1972
555 495
555 73
555 59
555 613
2165 1823
2158 2158
570 1637
570 613
673 936
673 987
673 671
673 672
673 990
1365 1345
1365 663
169 449
169 605
169 51
169 1204
1463 2139
1463 137
1463 611
1463 1384
1384 772
1384 1647
1384 1274
1384 1384
1384 1863
1384 154
1384 765
1384 2148
1384 1865
1384 1870
198 616
198 111
198 460
198 198
1188 768
737 1109
737 1271
737 982
737 185
982 1092
982 352
1567 2011
1567 2012
2012 2011
2012 1239
2008 2013
2008 200
1294 920
1572 1993
1572 89
1572 420
572 522
353 1339
162 532
162 613
848 1278
848 390
1026 311
1026 935
1202 464
1202 679
1202 1207
474 122
474 523
474 912
474 1948
474 476
256 436
256 1112
256 656
256 1134
1885 1891
1891 1891
1896 260
1896 2134
1896 2117
2039 1750
2039 1545
2039 1546
1714 1513
2002 1564
2002 332
1564 1575
1564 332
1459 2209
2015 860
2015 1755
2015 722
661 241
661 1392
170 465
170 469
170 138
138 465
1894 1611
243 663
243 1082
243 361
512 613
945 352
945 1087
997 119
997 1092
119 1371
805 46
805 1477
805 659
1477 1638
1477 1575
1477 2144
1477 805
1990 2122
1990 1177
1173 2117
1173 1088
142 613
1902 1686
1902 2174
1902 609
1902 610
2174 1686
609 1686
609 610
609 2174
610 1686
2066 1588
2066 2099
2066 402
2066 1955
2066 1532
2082 1388
2082 1794
1335 901
1335 1726
1335 903
2035 241
2035 2031
2035 2035
2102 1588
2102 402
2102 1955
2102 588
2102 1265
43 584
43 500
43 1403
43 1916
600 461
1509 416
1509 1963
1509 1513
1182 1484
1182 1514
1182 1178
1182 86
1182 2012
1182 892
1182 550
202 69
202 2164
792 1786
792 1086
792 1265
1786 1265
1786 213
1621 1827
978 449
978 505
978 1892
978 961
978 517
978 2032
978 605
978 1549
978 969
978 400
978 970
978 1772
978 263
978 1797
978 457
978 48
978 302
978 1625
978 31
934 1198
1768 1976
740 1392
740 1233
959 19
959 1180
959 464
527 65
1041 261
1041 464
1041 679
1041 1172
1041 561
1468 1473
1150 788
1960 1987
1960 282
415 241
415 2083
415 613
415 460
415 462
2083 605
2083 693
2083 451
2083 460
2083 461
2083 1747
1306 923
491 1366
491 545
491 439
2068 1617
166 613
336 449
583 402
591 613
591 2138
670 722
670 979
1321 743
882 1300
883 1112
886 1228
886 464
719 1304
719 821
719 1312
2107 2089
2107 497
2107 476
2089 2117
2089 513
2089 476
2089 1239
2089 497
2089 1272
1058 1058
983 1182
983 1178
1634 82
1634 1369
1634 1327
1634 2187
1634 1551
995 663
995 914
995 1082
1361 390
1361 1403
1361 54
603 902
603 11
603 203
2151 1989
731 796
731 1184
731 1053
731 797
731 646
731 647
731 1325
731 1054
731 1149
1184 731
1184 1053
1184 646
1184 1325
1184 1149
419 426
426 373
426 464
1181 836
1181 888
1269 801
1269 936
1269 728
579 373
2169 59
2169 1987
327 470
327 2023
327 515
327 362
2023 1089
2023 352
2023 1095
2023 1093
2023 1589
2023 1097
2023 362
664 1053
664 1431
1431 874
1431 128
867 804
867 292
867 2054
867 2055
867 593
593 469
116 962
865 29
865 854
1531 1758
1531 313
259 340
259 1910
259 421
1600 465
1600 469
270 613
270 2144
2144 1638
718 373
718 1038
718 835
718 817
1330 923
1330 1306
21 1337
21 1431
21 496
1667 54
1667 1482
1667 1483
1079 460
1079 723
1921 1753
1921 550
165 349
165 613
165 57
57 611
57 613
57 634
1194 1351
1241 1036
1241 1228
1241 1798
1241 1008
2091 1658
2091 227
2091 281
524 449
524 460
524 169
1907 292
1907 2053
1907 2054
1907 2055
13 120
1489 292
1489 2054
1489 2188
1493 1295
1493 1549
1493 557
1585 2138
896 1088
896 1305
2183 206
2183 404
2183 1511
206 12
206 1511
1511 206
1511 404
1528 1528
1528 1944
1684 253
1684 2168
177 449
177 36
177 405
919 919
919 1189
919 1191
919 953
1189 1191
1189 1192
1189 338
1189 550
1191 2122
1191 955
1191 1433
1191 1189
1191 917
1778 2011
1778 1239
1212 1092
255 449
255 331
1481 1681
1481 598
957 772
582 464
582 696
582 359
344 963
344 1228
344 464
344 718
344 1318
344 1007
344 55
344 1179
985 438
985 1198
985 724
1554 1738
625 71
625 1994
625 561
1221 494
1221 547
1221 186
1221 117
494 1070
494 359
1917 59
1917 1953
2092 1962
2092 1993
2092 420
432 559
432 1171
432 1175
432 1176
432 432
1171 1287
1171 1171
1176 1176
1425 373
1425 464
1425 835
1519 2187
1519 1327
1519 82
1979 2180
2193 1929
2193 38
905 722
905 979
423 59
423 496
1766 1799
288 349
288 613
1790 130
1790 111
1790 2200
1828 1625
324 613
324 1927
1066 801
1068 1112
428 224
224 747
224 1288
1167 1245
1167 1247
1167 1263
567 968
567 359
1012 766
766 766
766 1012
2004 2119
1685 1623
1685 416
1685 1963
1685 1513
636 1235
636 272
636 2210
64 12
1419 1934
1419 1122
1419 379
1419 1214
748 951
748 1058
951 951
1170 804
1170 2054
1170 593
794 808
802 850
1640 2043
897 827
897 1440
897 1441
1583 1499
1583 1888
1880 1043
1880 1881
1730 1784
208 631
208 464
208 55
208 344
1389 1006
1620 1630
1630 1630
337 496
757 1270
751 663
751 914
280 279
1946 2134
1946 209
1946 348
434 553
1185 241
1185 661
1185 460
590 449
1196 1424
1196 598
1196 662
1199 431
1199 948
403 89
403 447
403 481
2090 1496
2090 1796
2090 1476
1310 348
1310 1035
1310 307
1310 1327
530 449
530 2038
1791 517
604 613
604 1681
2182 2128
1672 59
1672 1672
141 414
141 416
141 1977
806 260
806 703
806 879
1456 1800
1456 376
1749 1545
1749 1546
1749 1553
249 249
249 203
249 1592
249 349
249 88
249 1206
290 657
290 1298
290 1726
1298 657
1832 1177
1832 2177
377 135
382 2
382 274
382 459
382 396
382 400
1957 1672
674 494
674 1146
2059 292
2059 2054
2059 496
487 613
1255 1342
576 1369
576 12
1025 1369
1025 2187
857 494
857 1050
857 861
1525 2119
1529 1800
1529 1670
110 531
110 341
795 311
795 1810
795 1863
795 765
952 260
952 2117
952 1088
210 542
774 1047
774 1193
774 1048
1193 1048
851 1089
851 1239
913 60
913 1054
913 1149
1656 98
1004 754
1004 755
372 425
1422 1092
1941 1508
1941 707
1941 1369
1164 1088
1164 1180
1164 898
114 1938
1445 801
1445 815
1445 1355
2040 816
2040 1541
1242 367
1242 568
1242 1215
1353 1287
1464 1980
1812 1639
322 154
322 155
1234 1436
1234 852
776 1010
776 1011
2184 384
2184 460
2184 517
2184 1977
176 397
868 1089
868 1239
870 89
870 953
2027 2026
2132 2154
1648 1595
179 523
179 474
180 352
180 561
1474 1478
1474 1412
2108 1515
1945 384
1945 68
635 533
635 1403
635 1368
635 460
1703 373
1703 2166
1462 1997
1462 496
622 310
710 14
90 285
758 899
847 1099
847 663
847 666
847 1123
847 668
1593 1502
240 469
240 317
189 1656
189 483
989 476
106 379
106 520
106 547
252 602
644 1088
644 937
644 707
644 1508
937 707
937 1088
937 1508
937 1333
1153 1053
1153 1149
1153 1153
217 80
811 1040
1820 2198
2111 1798
2111 830
2111 1944
2111 1923
2121 1898
8 156
8 157
8 343
1534 1793
1534 962
1534 1827
1534 1271
1534 1534
1534 97
1560 292
1560 2054
946 941
1866 1840
1866 1856
1866 1848
1866 1849
1866 1851
315 460
315 462
2006 1920
2006 1924
2006 1097
320 11
320 128
1986 1788
1986 1265
2073 119
2073 1784
675 1369
675 1228
964 1037
964 481
964 407
964 1073
699 1233
248 348
248 953
248 397
975 1287
975 1417
412 1053
412 203
412 1054
925 951
925 1010
925 1011
1801 1892
1801 1772
1801 1797
1801 1625
411 87
411 88
411 203
148 630
148 128
148 537
148 60
472 571
472 613
472 496
1707 2049
188 220
188 11
188 498
633 1051
633 285
633 597
1165 1165
1165 111
1165 892
1479 2088
1479 1327
1479 111
413 1470
413 200
413 458
577 417
1494 1711
1494 352
1494 475
726 144
726 1093
682 726
682 1844
770 1093
770 1095
771 50
771 1166
771 1053
771 647
771 269
1166 1037
1166 1053
1166 647
1166 1054
1166 1149
782 915
2079 2106
1286 278
1286 1334
1334 278
1334 792
1334 1086
1230 348
1230 1304
1230 819
1773 1690
1773 896
1773 1923
237 1690
237 1134
237 1955
237 237
1777 237
944 1305
944 1355
1316 1088
1316 1690
1316 1773
1316 944
1316 1355
2105 1777
1457 1784
4 1784
4 405
1465 1566
1465 349
1467 496
1467 611
1467 519
1467 2137
1467 332
873 2022
873 880
873 872
872 2022
872 873
872 880
35 71
35 1994
35 561
1250 649
649 649
649 1250
39 523
39 474
40 122
40 523
40 474
40 476
704 974
1395 935
691 2100
691 1010
749 843
749 349
749 128
2112 79
2112 2190
1343 1344
1343 1349
1343 79
1343 643
1344 1343
1344 1349
2124 79
1349 79
1349 1434
1349 1435
1434 79
1434 1435
2190 79
695 643
643 750
1096 750
1096 826
1096 1378
1096 643
441 979
441 441
441 613
785 1257
53 596
1394 1112
1399 1112
1399 1394
1813 1836
1836 517
295 118
277 295
277 118
277 61
1822 1852
1822 1753
1822 1880
1822 2084
1822 1028
127 430
127 257
127 192
127 353
1375 862
1375 1375
1375 1312
1375 821
1375 719
1825 818
1825 1874
1874 1992
1635 623
1635 584
1635 1726
623 623
1984 2064
1984 1765
2064 2064
1765 2064
1765 1984
765 496
1410 1200
1200 935
667 1261
721 1261
669 1261
669 721
980 2148
980 935
1498 594
1498 1174
1498 1816
1174 993
1174 1268
692 1278
692 460
1510 465
1510 469
1510 1500
1510 685
1510 866
1500 1516
1500 469
1500 866
1500 1500
685 469
685 1258
685 1510
685 1516
685 866
866 465
866 469
1516 469
1516 1258
1516 1500
1516 1510
1516 685
1516 866
289 469
289 1258
701 1002
701 2130
701 956
1002 1237
1002 956
1003 1002
1003 2130
1003 956
1001 1002
1001 2130
1001 956
1001 2029
1406 1446
1406 956
1487 311
1487 962
1614 1412
780 2130
780 1002
780 956
1641 1412
187 23
187 234
1643 2013
1643 200
885 395
885 1054
885 825
885 551
893 1029
893 1031
1029 1038
1029 1076
1029 531
1029 1727
1716 1686
1716 610
1716 609
145 235
1809 235
1809 1633
807 1112
809 1112
1536 1037
1536 1922
540 241
540 349
540 613
541 611
544 422
1328 257
1328 283
1328 1014
1014 257
1014 283
1014 862
2051 1738
1340 1304
150 438
150 374
150 440
1622 1890
1438 257
1438 960
1438 1304
1438 1398
1438 1401
1398 511
1398 1304
363 11
1530 1526
1530 1527
1530 1916
1527 1526
1527 1530
1527 1916
2197 1487
2197 1533
2197 1824
2197 1534
841 956
1858 1026
1858 1533
1858 1759
1858 238
1858 1793
1858 1856
1858 1858
1858 1045
1858 1870
1858 1440
1759 1026
1759 1487
1759 1526
1759 1724
1759 1591
1759 763
1759 962
1759 1360
1759 1863
1759 2130
1759 1856
1759 1759
1759 1811
238 1533
238 1591
238 1827
1724 1026
1724 1591
1724 1793
1724 1858
1045 1774
1045 1271
1045 2029
1274 166
1274 1440
1863 935
1863 496
1863 1511
1863 765
1865 2148
1865 168
1865 322
1865 1045
1865 1865
1865 1851
1870 2148
1870 1045
1870 1865
1870 1851
632 629
168 1916
311 311
694 1487
694 763
694 962
694 795
2095 1543
2205 2148
2205 722
2206 1161
2206 1812
2207 168
2207 1975
2208 1487
2208 1533
2208 1824
2208 1534
2160 311
1453 2160
1453 1793
891 956
2161 2161
2161 2029
9 508
1152 791
648 981
648 1161
890 1591
890 1069
1811 1487
1811 1759
1811 962
1954 1487
1954 1591
1954 1759
1954 1817
1954 763
1817 1759
1817 1591
1817 1793
1817 1858
1817 1954
1651 1817
1651 1954
1603 1759
1603 1817
767 763
820 874
820 763
820 1793
793 1856
793 924
793 1533
778 793
1652 1709
1652 1002
1810 311
1810 765
1810 1863
1492 1492
1492 18
1492 1916
1492 460
1497 1161
1497 1812
1628 2083
1628 460
1697 1545
2162 1545
2162 2039
651 652
652 709
966 1403
966 1368
1293 1403
1293 566
1293 528
1293 1374
566 449
566 2173
566 460
566 1374
988 605
988 460
988 1374
1229 940
1090 947
1091 947
323 397
1887 2158
1887 1095
1887 1887
443 0
443 211
443 11
443 617
444 613
427 1784
2028 1491
1729 232
1729 1656
518 427
518 507
507 951
507 1922
490 901
490 1916
1320 901
1320 903
1320 1916
1322 743
612 245
612 11
2178 154
2178 584
2178 1735
1735 154
619 364
619 333
621 623
621 1158
207 12
1217 311
1218 1217
1218 311
1218 1440
1736 1916
1444 1324
1444 1019
1444 1428
1932 1916
1561 1026
1561 1474
1561 1412
151 350
151 129
151 354
151 355
918 1386
918 588
1386 588
1821 1748
1009 1144
1336 1233
389 397
1100 1064
1100 292
1100 662
1100 2015
2152 2083
2152 605
2152 460
2152 2152
83 384
83 241
83 390
83 105
83 460
105 241
105 460
681 784
784 611
574 241
574 461
574 613
574 478
478 241
478 613
478 574
478 461
153 241
153 461
153 613
153 478
358 11
838 1088
838 211
840 953
1061 953
844 1112
2094 469
853 854
858 825
858 551
858 395
1606 469
1606 1592
1606 14
1606 1681
1606 1606
1606 611
1983 1590
1983 1951
1983 2060
1951 2175
1951 1590
2060 1590
2060 2175
2060 1943
2045 2045
2045 1590
1400 1400
1720 1590
1843 2175
1843 1590
1779 1720
1779 2175
1779 1590
1943 1720
1943 1590
2110 1590
2110 1943
2110 2060
2019 1843
2019 1943
2019 2060
1027 469
1027 465
1027 1258
1877 1873
1877 119
1873 119
1850 119
1739 951
1155 349
1155 1208
1157 696
1055 128
1055 1197
1159 1208
435 33
1430 1188
1430 1137
1430 768
1835 335
1367 56
1367 880
1282 1589
1282 1315
1282 880
2189 1920
2189 1097
2189 1676
2189 1589
2189 1315
2191 2128
2191 81
2191 128
81 899
81 272
2196 81
2196 749
2196 2128
2199 1458
1442 729
732 732
1443 741
1443 33
741 239
2201 1682
1682 1775
239 624
1105 1010
1105 1011
929 1105
929 1010
929 1011
929 131
1860 1847
2204 1847
2204 1860
1129 741
638 435
1450 2017
1452 1693
640 1330
640 923
1429 1775
1429 1426
1426 33
1426 1426
1426 1429
1763 1431
1897 131
1897 2010
1154 1140
1547 1987
730 741
730 33
730 1775
730 1426
1775 1775
1775 1426
387 1426
1559 1939
1559 1426
733 1129
733 387
733 729
1952 387
1952 1952
1952 1682
1952 406
406 387
406 1904
1565 2157
734 128
734 1010
76 33
76 103
1024 732
1024 291
1024 79
1819 1837
1819 1838
1819 103
1899 1819
339 1593
339 1426
339 112
339 2063
339 113
287 741
287 1129
287 33
810 826
810 131
1645 1775
1645 2063
1645 1826
1645 1904
2063 1939
2063 1426
1826 1775
1904 1775
93 741
93 33
93 1775
93 113
93 1426
1649 33
1649 1775
1649 1426
1649 1429
149 387
149 406
1680 1775
1680 1826
1680 1668
1668 1775
1668 1826
1668 1680
942 1343
824 938
1657 1775
1657 1426
831 1209
832 1048
684 586
684 993
684 684
586 993
586 1726
993 119
1254 993
1254 684
1254 920
1063 586
1063 993
1063 991
1063 1148
991 1432
1268 119
1268 993
1268 1726
1390 827
1390 993
479 479
939 1287
939 1291
1762 352
1762 353
143 310
143 622
1033 1447
1447 1405
304 225
927 927
927 1158
927 1785
1868 1839
1357 863
1357 954
1138 465
1138 469
1138 1262
1143 547
1143 1937
1143 1428
1956 562
1956 1337
642 1088
642 937
642 1508
486 247
486 350
486 252
486 129
486 354
247 247
247 350
247 354
1252 1088
1252 1508
1252 707
1252 644
1252 516
1256 1274
1664 1663
1663 349
1663 1664
2067 1664
2067 1663
2070 1886
2071 1861
1377 1142
1142 1420
1363 989
1662 1562
215 59
215 543
215 1987
543 874
543 59
543 254
543 1124
543 1436
543 496
543 1949
543 1950
543 1841
2047 1648
2052 1595
1130 460
1130 1431
1124 1130
1124 1949
1124 1950
1949 749
1949 1950
1950 749
1950 1949
1249 1436
1249 543
1841 1124
2061 303
2061 1949
2061 1950
2061 1841
303 128
303 71
254 59
254 613
254 543
1981 1124
1981 1431
1981 1949
1981 543
1981 1841
1982 1124
1982 1431
1982 1949
1982 543
1982 1841
492 59
492 543
2065 59
2065 254
2065 1124
2065 1950
2065 1841
1264 469
1264 1258
1264 1262
2014 128
2014 1124
2014 749
2014 1078
2014 1841
2014 1431
2014 543
1078 874
1078 2014
1078 496
1078 543
2127 2103
2127 2014
2127 1078
2103 1124
2103 543
1679 128
1679 1994
174 160
174 602
1694 1994
229 266
229 268
229 1581
1581 1037
1581 1739
1708 1501
1708 1480
1480 1501
864 1610
864 507
864 273
1610 318
1610 1883
1610 87
1610 864
1610 507
878 1381
1381 1381
1751 59
1776 373
1776 1732
889 1149
1909 611
1909 496
1909 1909
1601 1830
1601 56
1601 1605
1601 1744
1605 542
1605 59
1605 2109
1605 1751
1605 1605
1744 1751
1744 1605
1081 292
1081 662
1081 1064
258 613
976 465
976 469
976 1258
301 613
1935 2057
1115 1206
1119 1208
1942 2181
1942 1805
1942 1804
1126 1092
1805 1804
1805 1808
1805 1805
1804 1808
1804 1805
1808 1808
1926 2064
1926 1666
1926 1984
1326 920
655 920
121 380
121 533
121 1403
121 169
121 1374
1488 1818
715 465
715 47
715 1258
47 465
47 47
47 469
47 1258
1423 465
1423 47
1423 1258
717 465
717 47
717 1258
717 469
1582 1882
1582 269
752 1258
752 716
716 1258
1999 1859
305 69
1448 920
1448 1069
1557 1987
1908 1910
1908 1908
1598 1563
1358 1358
230 1787
230 467
230 383
230 281
230 1086
230 1265
1787 1786
1787 1725
213 2100
213 342
213 1265
342 325
342 213
342 1086
342 201
342 1265
1455 2100
1455 342
1455 1086
1455 1265
1767 1578
1767 1086
1998 1455
1998 1086
325 281
325 201
325 1265
325 1455
325 1086
325 1725
325 342
201 325
201 1725
201 1086
1725 1265
2076 1786
2076 1578
2076 1265
2076 213
2076 1725
1780 1455
1780 1998
1781 1787
1781 1086
85 201
85 1086
85 1998
1284 1049
1284 349
1284 117
1284 184
1782 611
1782 2120
510 562
1862 59
1862 1987
1862 282
1867 1555
1555 1555
1872 1505
1872 2113
1505 2109
314 514
314 70
316 611
316 613
316 496
1746 1478
1460 1864
747 224
747 1288
2074 1869
294 1806
294 613
1806 1869
503 397
504 613
433 2176
433 1638
433 613
1918 2113
1918 611
1396 906
1752 1746
1517 2176
197 11
197 817
1721 245
1721 1522
1721 2064
1013 465
1013 1015
1013 1262
15 59
1466 2050
2050 46
2069 2081
1376 1380
489 2
489 449
489 1449
489 496
489 460
107 60
126 59
191 613
887 1723
887 1831
887 1380
1723 1831
1831 104
1712 1831
1914 2202
2202 2050
2202 1466
1220 956
1220 1045
1309 920
1309 1069
183 502
125 241
125 125
125 613
125 51
1128 901
1814 1647
1407 345
1906 2064
1624 1738
1737 2164
1737 602
1771 1805
1771 1808
1626 1771
1626 1805
1626 1808
1627 2164
1627 2077
1627 602
1740 245
1740 1522
2058 1274
2058 1384
484 245
49 195
78 500
78 2203
78 1625
146 495
146 272
146 496
1016 465
1016 1258
1017 986
986 860
986 1258
1855 349
1855 1571
1571 1584
1584 1569
1584 1570
92 613
1570 1569
1570 611
569 60
569 203
2136 1919
789 1051
2143 373
2143 1038
2143 2062
1402 688
1402 1992
1402 1874
1540 1540
2116 1796
2116 333
2116 335
2116 1431
